10,6,5,1 : 4740
13,10,6,1 : 4611
10,6,3,1 : 4254
10,6,1,2 : 3978
13,10,6,5 : 3925
10,6,1 : 7520
10,6,5 : 6495
13,10,6 : 6193
10,5,1 : 5822
13,10,1 : 5596
10,3,1 : 5499
10,6,3 : 5090
10,6,2 : 5034
10,1,2 : 4960
6,5,1 : 4762
13,6,1 : 4633
13,10,5 : 4500
7,10,6 : 4384
6,3,1 : 4292
4,10,6 : 4101
10,3,5 : 4045
4,10,1 : 4028
6,1,2 : 3990
13,6,5 : 3952
13,10,2 : 3863
10,5,2 : 3859
7,10,1 : 3838
10,6 : 11496
10,1 : 10551
10,5 : 8312
13,10 : 7839
6,1 : 7610
10,3 : 6812
6,5 : 6610
10,2 : 6606
13,6 : 6313
5,1 : 5877
3,1 : 5696
13,1 : 5636
7,10 : 5402
4,10 : 5277
6,3 : 5165
6,2 : 5090
1,2 : 4985
13,5 : 4547
7,6 : 4476
4,6 : 4130
3,5 : 4095
4,1 : 4037
13,2 : 3913
5,2 : 3889
7,1 : 3869
10 : 18267
6 : 12086
1 : 10963
5 : 8643
13 : 8153
3 : 7236
2 : 6809
7 : 5641
4 : 5375
11 : 3826
